fertilizer-to-water map:
4238460975 3150676058 14156194
4014738493 2552067322 165315151
2782663538 3067003586 60442604
718350022 1496692875 242681298
0 662267357 48987302
73802866 465780476 196486881
270289747 736070223 448060275
2501821195 4263593575 31373721
961031320 0 47107691
2448671317 2498917444 53149878
2843106142 3164832252 729755546
4180053644 2717382473 58407331
2533194916 4223942180 39651395
48987302 711254659 24815564
2037107882 2799681618 267321968
2424779503 2775789804 23891814
1547175259 1304493961 192198914
4252617169 4084472268 19120259
1871165319 3918529705 61914957
3572861688 1871165319 441876805
2758721631 3894587798 23941907
2304429850 4103592527 120349653
1933080276 3980444662 104027606
1008139011 47107691 418672785
1426811796 1184130498 120363463
4271737428 3127446190 23229868
2572846311 2313042124 185875320