humidity-to-location map:
4260564640 3164238850 33008819
2293789713 3286584985 52546193
2087002602 2864270962 68938922
1297747555 1309838844 89337809
3093628267 3842203176 155987450
2609276317 3498417185 343785991
658125616 1701481170 20754060
1593540119 1399176653 128695111
2283933279 2244808425 9856434
3849705959 3012295008 151943842
678879676 1170609407 139229437
1009204170 485451665 270016861
2155941524 4227835566 67131730
4032228982 4161145047 66690519
3532191685 2179585888 65222537
2953062308 2268317830 85579399
2252523457 3339131178 23090374
818109113 755468526 17485651
4098919501 2254664859 13652971
3379699400 2416907530 152492285
4293573459 2662947015 1393837
835594764 1527871764 173609406
2275613831 3422250936 8319448
4112572472 2933209884 24098564
1279221031 466925141 18526524
3038641707 2957308448 54986560
397655230 0 260470386
2223073254 3392800733 29450203
0 772954177 397655230
4136671036 3430570384 30346404
3597414222 3998190626 162954421
2546266016 2353897229 63010301
3249615717 3460916788 37500397
1387085364 260470386 206454755
3287116114 2087002602 92583286
3760368643 3197247669 89337316
2346335906 2664340852 199930110
4167017440 2569399815 93547200
4001649801 3362221552 30579181