light-to-temperature map:
2521168614 3718558727 45222681
2372021437 4250929390 44037906
2416059343 3070381062 105109271
391082070 1490595758 135161830
2750033935 3567996322 26024928
2631208948 4085216210 118824987
1606793146 1161017018 154561777
0 27318229 64007187
2566391295 3763781408 64817653
2205452704 2073181756 31511904
2354729618 109736771 15352358
526243900 143079078 467881514
165490760 1625757588 156087087
321577847 610960592 69504223
1116662502 1843304861 180171121
2173847890 2322708438 31604814
64007187 1315578795 101483573
1315244978 1417062368 73533390
2989245773 2722605383 134588769
3800621948 4204041197 46888193
3287840442 2372021437 350583946
1067967658 12382058 14936171
3276570277 3971207241 11270165
3152032800 3594021250 124537477
1761354923 2023475982 49705774
2236964608 680464815 117765010
4152595905 3982477406 102738804
3847510141 3920328030 50879211
3638424388 3429696886 70468591
1098672553 125089129 17989949
1999021216 798229825 174826674
4255334709 3528363735 39632587
1296833623 91325416 18411355
3708892979 3828599061 91728969
1388778368 2104693660 218014778
1811060697 973056499 187960519
1082903829 2354313252 15768724
2776058863 2857194152 213186910
3898389352 3175490333 254206553
994125414 1781844675 61460186
3123834542 3500165477 28198258
1055585600 0 12382058