soil-to-fertilizer map:
1496362907 858318422 178940893
2630847538 53056663 113045954
2283611281 2088524569 46779241
3913589699 3841520880 84292875
2330390522 2567432522 113508448
2524251705 2460836689 106595833
3063003021 2963042999 10035541
3857182342 4222898477 56407357
37310480 2913919563 49123436
740077448 300637488 194492816
1474645818 1456131667 21717089
934570264 166102617 54182136
988752400 1796958285 94278756
1717132707 1928547521 159977048
521508712 2758310702 26883128
3092599643 495130304 257125345
1877109755 2785193830 128725733
3997882574 3925813755 297084722
548391840 2269151081 191685608
3841520880 4279305834 15661462
86433916 2187553774 81597307
1675303800 816489515 41828907
2443898970 220284753 80352735
2005835488 2973078540 277775793
0 1891237041 37310480
1299192340 1390736804 45833782
1345026122 2680940970 77369732
168031223 1037259315 353477489
1083031156 3250854333 138997462
3073038562 1436570586 19561081
1275085281 792382456 24107059
1222028618 0 53056663
3349724988 752255649 40126807
2743893492 1477848756 319109529
1422395854 2135303810 52249964