temperature-to-humidity map:
3270313314 2596058682 35302332
4226607799 1853648898 10548841
2997401183 2994049594 173176623
3460843740 3377888646 164140301
762069527 4252128205 42839091
3170577806 1535455627 99735508
356504730 1864197739 73760842
1176796835 3767577945 398679053
2184102927 1268190151 103654223
1839964412 1995769237 103314277
623505847 2855485914 138563680
551373625 970847216 72132222
2605053483 2099083514 149971726
804908618 510961861 330954039
2476122167 841915900 128931316
3809356495 2631856914 172503566
3981860061 3167226217 210662429
254072453 98437479 41846688
3305615646 1164087491 104102660
98437479 140284167 137804809
236242288 278088976 17830165
2939640029 1477694473 57761154
2390051063 2249055240 86071104
2755025209 3582963125 184614820
1135862657 3542028947 40934178
4237156640 1937958581 57810656
3409718306 2804360480 51125434
1943774589 4166256998 85871207
2029645796 356504730 154457131
3624984041 1827821728 25827170
430265572 1042979438 121108053
1575475888 1371844374 3556186
4192522490 1635191135 34085309
3650811211 1669276444 158545284
1943278689 2631361014 495900
1579032074 2335126344 260932338
2287757150 1375400560 102293913