water-to-light map:
1985898327 3318267441 140753926
1347635148 2083526793 398378839
3514250773 2747115878 571151563
2126652253 1347635148 86837038
3336431644 3459021367 177819129
2927342235 1508339551 335222044
0 365247178 425818944
500722155 917309008 28280043
580341873 0 365247178
3262564279 1434472186 73867365
2662131989 2481905632 265210246
2213489291 3636840496 415606487
529002198 791066122 51339675
1746013987 1876597806 206928987
2629095778 1843561595 33036211
425818944 842405797 74903211
1952942974 4052446983 32955353